0 1562 1768 2111 1148 2377 1377 1349 536 1406 688 542 
1562 0 574 1422 1593 520 556 976 1713 2474 1903 512
1768 574 0 1028 1975 1619 806 1025 773 943 2359 2011
2111 1422 1028 0 1253 2298 1584 865 2021 766 1535 2064
1148 1593 1975 1253 0 1251 1594 1445 1302 1354 1909 1123
2377 520 1619 2298 1251 0 502 2500 2381 1117 2114 861
1377 556 806 1584 1594 502 0 1374 929 2368 930 2400
1349 976 1025 865 1445 2500 1374 0 2069 1397 1775 744
536 1713 773 2021 1302 2381 929 2069 0 1956 2220 1080
1406 2474 943 766 1354 1117 2368 1397 1956 0 2441 1637
688 1903 2359 1535 1909 2114 930 1775 2220 2441 0 947
542 512 2011 2064 1123 861 2400 744 1080 1637 947 0